0	1	1346
0	2	2024
0	3	3414
1	0	1346
1	2	770
1	7	1232
2	0	2024
2	1	770
2	5	2373
3	0	3414
3	4	848
3	10	2616
4	3	848
4	5	1661
4	6	805
5	2	2373
5	4	1661
5	8	1279
5	12	2285
6	4	805
6	7	878
7	1	1232
7	6	878
7	9	777
8	5	1279
8	9	542
9	7	777
9	8	542
9	11	991
9	13	734
10	3	2616
10	11	295
10	13	565
11	9	991
11	10	295
11	12	1104
12	5	2285
12	11	1104
12	13	511
13	9	734
13	10	565
13	12	511